,s1,s2,s3,s4,s5
GW,0.039337705355033434,0.10982070457360674,0.014286222239293647,0.03909193550243903,0.17677933172755245
GV,0.23093852763954756,0.17430864276776004,0.22187213565297445,0.18341421259450302,0.21008598572675014
GT,0.017154327509566875,0.019295904847525976,0.03317667157074528,0.0007736859696561429,0.02358633733147908
GS,0.052577555791132304,0.07127435426456945,0.022759902125771593,0.05122952262772197,0.00804308019038075
GR,0.015318442294246051,0.04487064698698675,0.0357804266080331,0.07512487268883737,0.036214860878594976
GQ,0.24799329615275445,0.2172811047059268,0.2120264204681254,0.27879574042464017,0.25555254871106897
GP,0.089761063378781,0.18647060364423865,0.15608497414291272,0.1464925501604888,0.16635408412317226
GY,0.07316532543473883,0.031222609600341882,0.0027137472851633945,0.13426472779705134,0.07435590812310768
GG,0.19421907489491289,0.21157264379239532,0.15741096284761663,0.16705712337087303,0.21363724021942265
GF,0.08139990505975704,0.10813453903439496,0.10632651592096215,0.07250359855213534,0.12227831908667385
GE,0.15919216615836107,0.1469152161676556,0.19195323073622444,0.12287591108345715,0.12845783145711612
GD,0.34548291256942,0.32884095620533776,0.31503644650100676,0.35552400587982524,0.32073028592528646
GC,0.04561319961596602,0.12105729871848799,0.080577752559235,0.028273875815148286,0.13588394984195634
GA,0.08199177092025003,0.14367108297592696,0.06574090010055086,0.10172884277892662,0.1799880619989369
GN,0.11486886982073703,0.03546861077733362,0.023090530654686504,0.07984569645296379,0.033086999628401434
GM,0.1319143186284052,0.03707525773430283,0.10490563809316163,0.14337206783505096,0.00616009890842173
GL,0.08593511272550415,0.00622186087250824,0.014897273445390838,0.021282452196463932,0.012085618819153944
GK,0.06473753448442429,0.003112749652593009,0.05544900134137875,0.06096983940288218,0.06620513742468088
GI,0.22168119475183884,0.21145928743858344,0.3027597853919609,0.20693606796159633,0.2536153958936933
GH,0.11002007836975626,0.15573590459217637,0.08420262419286081,0.11011740512970591,0.05131567737989568
ME,0.10639377078751966,0.12204729657110816,0.1661373473666225,0.08782678330093446,0.10625084437546921
MD,0.07756890648730037,0.049808925526547775,0.026389827691389242,0.0462527672749142,0.03398700835351393
MG,0.036550269733663224,0.08356072556937867,0.07995005535489433,0.14840338749927337,0.0443826327690832
MF,0.08212245614669829,0.08049144458504785,0.04083584525790351,0.0023137652111702173,0.04549772671971935
MA,0.17549403245491232,0.15894492576037314,0.09875279214239305,0.15367362368260942,0.1429463134704556
MC,0.1336497779057207,0.15619795187889252,0.15572426889884697,0.218690358586849,0.18737785377498534
MM,0.25766222310241327,0.25042951156548027,0.22844305333893578,0.23433644286099223,0.21395570678921652
ML,0.21250248377174988,0.24729975458388204,0.1953357445912809,0.17236870663382584,0.17864145541045032
MN,0.07533478374862532,0.0831332243575633,0.10349856474024875,0.12211580170057673,0.10471190149869526
MI,0.07294597070831696,0.02493262740363408,0.023244487337386537,0.02269471476945159,0.06966689208552483
MH,0.1403521435651031,0.08755988792913824,0.1811702584143448,0.11863693633710443,0.13048074710056187
MK,0.00932305178499379,0.046593637067526616,0.003424451453043351,0.04312837576227064,0.010395454861191164
MT,0.014390503579279741,0.06741822223762653,0.1836645800554601,0.11341397348762625,0.08175349174893043
MW,0.1811075070077544,0.21657040068679764,0.16531588811213926,0.20828222657085632,0.055914526546754106
MV,0.21214575940115535,0.16677968303539295,0.17242498455527744,0.1707019819938092,0.20979776822589674
MQ,0.13296015973712338,0.09243620903314183,0.13329745172756002,0.13249456333330378,0.16830631806410748
MP,0.031102663943983547,0.02428563989667471,0.04241493692988064,0.007022672493338718,0.058577126263490986
MS,0.15635336434917876,0.060621809402091525,0.0643070000497077,0.04429992610386394,0.06519680010731127
MR,0.1295836177169145,0.1424614817546617,0.15190052664146256,0.1474974813634688,0.15709802525397906
MY,0.0276021575269769,0.05777162027485508,0.04473872016652471,0.02420951876296336,0.015780438155940955
FP,0.3447972226666181,0.2309321381155336,0.36724472673346664,0.32576470867630997,0.30000695895933616
FQ,0.1130747641511538,0.020072875645340948,0.039022990369896156,0.03603527203191588,0.014171289676974744
FR,0.03846987082338096,0.025944954118822416,0.02732556301610385,0.001040258189110489,0.002424858653659987
FS,0.13679052059712804,0.0976331615607019,0.17935461224106025,0.12580083203800851,0.14878969718022533
FT,0.08008357914059488,0.15906478689948292,0.13803391999542342,0.1784844211549665,0.19527546616929883
FV,0.29634963921362173,0.2804339228348233,0.1482924021061593,0.21525221845170842,0.23821029584248346
FW,0.027294611783644274,0.035025323757316276,0.09185957008554343,0.061641232217471066,0.13701909179426655
FY,0.13403987547966473,0.2106942456592523,0.2061657702508029,0.2082205203166829,0.20742198371402168
FA,0.2849312462310006,0.19723054509630636,0.20170652174846956,0.21892643343062962,0.26125526922700704
FC,0.03876743471150998,0.05511833785207272,0.008728945099810549,0.08260746069865595,0.14489164990980416
FD,0.09415921924370772,0.05707197616767203,0.04932520391553539,0.08022269072589279,0.15313356133685282
FE,0.020129507303817705,0.035744238152346314,0.009344070562668913,0.024375117524877223,0.0987776493278538
FF,0.06325913494959334,0.06953555038584702,0.15011810447055718,0.08095134583669841,0.04855757776022776
FG,0.010308148098778927,0.06901280768645457,0.06239858083563264,0.02131065885232964,0.016048766588018272
FH,0.1092027893396163,0.13073041959754267,0.07618195270704196,0.17420460867586537,0.06761485119702412
FI,0.26352310629506936,0.23181161147615695,0.28050720436933657,0.31870335227185226,0.26713495531045706
FK,0.024290187792786157,0.034094792662827764,0.03584382938775697,0.03033854854119977,0.0721421192228517
FL,0.33094194247339026,0.3837007434864009,0.39993433757999747,0.39111208488291904,0.3568877809200447
FM,0.017609357030342446,0.12582566453211483,0.056182938522391784,0.01015779433105133,0.06814196571695724
FN,0.15133338228602997,0.22449123208170463,0.22564257508822982,0.12569967425210754,0.18610366074010065
SY,0.039029310201468784,0.08714380279269526,0.010915974032811764,0.06167845118340609,0.09445546527105458
SS,0.052328389535110736,0.009632461272108797,0.009209103835495785,0.035213190425217374,0.011595032116232562
SR,0.1845262537166602,0.15227307750582325,0.16260723181384568,0.18901486823402194,0.27547131939334024
SQ,0.2094784469263715,0.24978620559075598,0.2622045704678603,0.2745773238611367,0.210169218964224
SP,0.05715658067848479,0.0221623721732011,0.010649965358096107,0.040911190860989814,0.06482926964023347
SW,0.014711695801626372,0.01883335689138127,0.03586014323999084,0.017995952468999026,0.009682965476585292
SV,0.13455676582495615,0.15682344570285467,0.2559780263761397,0.19138404399667683,0.20171536712474308
ST,0.04173338173016003,0.029870943619420255,0.020028415307375994,0.005268903751932953,0.10878538821154642
SK,0.2857792467555448,0.24636835895863815,0.21079667994423604,0.26361218809157316,0.27854902264612313
SI,0.1252635302688505,0.1343829628519813,0.11282212151252186,0.100450370968064,0.10931295690577778
SH,0.059382850729413954,0.06108448629855454,0.0370372821229024,0.07857005379111442,0.027314485112769682
SN,0.06743527940191657,0.05373600940204492,0.07157220066452535,0.06195407212739699,0.09838491252891793
SM,0.025333962473645145,0.1436760481405082,0.04899895080171736,0.06011544326128714,0.10388617644022567
SL,0.18211145617282046,0.12084208998557061,0.17356250361586067,0.07340978889565758,0.12281384338403217
SC,0.045663768458760044,0.10824327603343396,0.08431324829289868,0.055174157192754876,0.08806717944773132
SA,0.03946728153103395,0.07502880696412532,0.040838730134484295,0.11758823254373081,0.11201421378009159
SG,0.13735280289385646,0.1293591028680128,0.1434138382138922,0.15897084650506435,0.07258729018229348
SF,0.18233561109209565,0.14388730652965628,0.16586908335622316,0.20534068672161931,0.11529700521301764
SE,0.05687813851529526,0.04221820177621085,0.03613927838842605,0.01378553389978091,0.016555811256721748
SD,0.13895184891523038,0.12519438912798875,0.13104085012116617,0.1958432254775052,0.21043005133934065
YI,0.2202080004150985,0.19208961370434458,0.2112878680151868,0.24188695369835025,0.17214696702204793
YH,0.03472871986637574,0.03299523788265723,0.01304291265264749,0.006595381866638597,0.06241357244121964
YK,0.06279643543857777,0.059623538948208245,0.08906135289991307,0.17629554510477408,0.1039241882945224
YM,0.04625234716473329,0.019182191917026765,0.0100942639110972,0.04028367644083497,0.042436990083033956
YL,0.05132056811047812,0.09704015343838321,0.049277992301937995,0.05209024838554519,0.1388599702966496
YN,0.10449310530145765,0.05777482954435743,0.03314280013080453,0.09413172072552325,0.18612265101212408
YA,0.08581940028023566,0.09844140061675118,0.10028324418317952,0.12017850709856473,0.08550549261359246
YC,0.09961846592271215,0.11645087676611575,0.01589483156621679,0.005695062653874822,0.02121004070353437
YE,0.12159922304816706,0.038298770879750366,0.061408003961695413,0.04763649444465406,0.09262247805742281
YD,0.2391719117648421,0.19707056029280906,0.17496769779418983,0.19506757676791653,0.1717327891890037
YG,0.11138178702520306,0.04838454094854118,0.05741921583474137,0.015430707003830604,0.10321617193134695
YF,0.2722122411125018,0.21532217605236248,0.18223973623268663,0.21114458749613252,0.2172879807663171
YY,0.16930747537803192,0.17970216224575153,0.12691373133884332,0.17203863853979026,0.1989025085993056
YQ,0.11136681929446975,0.20748987933680801,0.13712940745524962,0.14804071069502348,0.12327647383611363
YP,0.19873482465008807,0.11266676687165487,0.13301915364667516,0.1687764600679053,0.13525557823668588
YS,0.02683752514635715,0.055342963927697816,0.04998045053254914,0.04094772874263538,0.029898500324805653
YR,0.11689268094644019,0.15691848044060536,0.11437487369714802,0.12801511509542582,0.11201457183068873
YT,0.051365112203239784,0.11427743573012801,0.05347238555960808,0.0563384418193134,0.07111372085167947
YW,0.23464639611226012,0.2691779696745201,0.2680914265985475,0.2859163872293975,0.2265211673929431
YV,0.08733992093752099,0.095598355749383,0.036952679189824006,0.16122418572604946,0.027044210692837953
LF,0.22915212492273923,0.26492388403523487,0.29341825301890123,0.3157686865926107,0.2968074000183938
LG,0.15201206577344786,0.11984355377450143,0.15941850185892925,0.11455364762358378,0.11923462241023468
LD,0.22648138748506244,0.16838168121651534,0.1419793056960861,0.1465784507689355,0.1991323674876214
LE,0.06771759157445487,0.014015360032041752,0.053407822668176036,0.025138991029826738,0.0312811695833905
LC,0.02682584460619476,0.04734823661000917,0.074867512822839,0.06030349930865197,0.05111322599275735
LA,0.3943232146331166,0.41687845676618274,0.4107678331098994,0.419383641901179,0.44397117446193923
LN,0.15524823737680649,0.0679560899706566,0.13082762943487675,0.12375724187284563,0.0652948311739199
LL,0.2283271786203246,0.14144631442081718,0.21474542952063022,0.2515115966348223,0.2190449772355769
LM,0.28226023849778026,0.13046907828243204,0.14399572344790385,0.1512021217917927,0.1452521161442301
LK,0.01540627426287649,0.15183510578106593,0.1283172309428137,0.13015158739188984,0.07283075023696721
LH,0.10187351693933823,0.08601277464433715,0.08169958484516829,0.10307379694961977,0.08490462968612615
LI,0.4391964024567811,0.44516826290406825,0.46155313596671443,0.3827254813881268,0.37833480975322237
LV,0.39376347086187946,0.44607933336206995,0.4050041978023422,0.3839385537934167,0.4473781358867859
LW,0.027995844353076952,0.011016888440776355,0.0015939990165246428,0.04415195708744619,0.04302434848445092
LT,0.13506452992078083,0.20383390688330902,0.1481531776659943,0.1951970632262392,0.1986364769729412
LR,0.06601127237046463,0.09370979037983604,0.02258714836529692,0.2069451876726248,0.11965238085742917
LS,0.12987370481163438,0.13107167200994457,0.12829617254851333,0.2572662732621853,0.25008729376194744
LP,0.27234507742915104,0.2697431067468769,0.2835383985447948,0.24752934258979473,0.21437481466173097
LQ,0.26809361635096357,0.2477161490943356,0.2748400592561579,0.24777723239084645,0.12147735668605172
LY,0.1912184799404259,0.16659439801965026,0.20559902405151045,0.26229505298161454,0.2933168342890959
RT,0.12322360023531542,0.09750928718891895,0.07490269268490238,0.10837166659266341,0.11679046344574595
RV,0.08247142995048767,0.15152185371247656,0.10816255556844558,0.14896469144995547,0.10274829165593345
RW,0.03365491323777926,0.013933908621589922,0.0014092467565144137,0.07567284108220332,0.09747396232679861
RP,0.3452917666742462,0.3597150923123305,0.30592337184291474,0.3315550185260876,0.3768281728341879
RQ,0.2859038967329026,0.2688061333623234,0.22626879434589536,0.2941106921948115,0.27506022037349764
RR,0.16391368007676277,0.22389256189824297,0.25462260047386853,0.2313606719188909,0.28579958440054487
RS,0.15328539970465685,0.08075305178294485,0.11933866909506721,0.11522223652412757,0.09395299613808145
RY,0.1286294937696655,0.035313612898398426,0.15594334444327537,0.12144709278517382,0.16201532013111777
RD,0.20070538634998897,0.06470629557434268,0.15460231640326857,0.19070360790794774,0.20824964692857256
RE,0.23391062789155936,0.19811953570254046,0.2974064521231716,0.2740442819599957,0.31301994978965264
RF,0.09393532623035773,0.024444933239433638,0.011427156789112866,0.05628334114696756,0.10067670677017126
RG,0.21525237211955,0.2448728934903116,0.1809302197871438,0.2459368779559283,0.24549331587414014
RA,0.15241516435488792,0.13841047868825773,0.13283396944480327,0.1329129479603586,0.2061876391029553
RC,0.03148921528637057,0.0008939816266242079,0.0043457567027725425,0.012423115719764857,0.02283783485547639
RL,0.09070908983511042,0.012118052245847962,0.02052619035572313,0.026654151840805572,0.09826585987052185
RM,0.06578922799693068,0.05976430527062941,0.02016695445325805,0.013901211758980582,0.002610212662160567
RN,0.2072800661289395,0.08071095309067418,0.07941364092467552,0.08594422494802131,0.06936870902477768
RH,0.020271602216322977,0.020071824122601313,0.034416179211111765,0.0029218285402425274,0.01658930809287244
RI,0.11177146139262432,0.16403416860925898,0.1357121178785801,0.19617915168892622,0.16417591141876853
RK,0.055768699820897986,0.13637889554216912,0.12209988996054011,0.05866531701213306,0.15014165463350163
VH,0.06367388731949306,0.06222594473813627,0.04508994535682301,0.07222726080628143,0.016252303264520294
VI,0.0614843412064109,0.14079988145063532,0.17521903790030696,0.06247360349770621,0.08279817467600728
EM,0.12222292311536519,0.09296616778902718,0.12798745010374776,0.10191712393846279,0.08535085542224889
EL,0.10617676993007841,0.09421879240010848,0.17228394260394744,0.18656893388716808,0.18692338133704553
EN,0.0002474080636208359,0.05136756132665702,0.06185384171783832,0.08296805408014028,0.011965907341267337
EI,0.15449206147521083,0.1707216430568281,0.13551296846560912,0.12866304954514102,0.049249865807345514
EH,0.05332045733928848,0.01787518456616424,0.0641052273319286,0.01989964414189357,0.00021684308615608157
EK,0.20085465781234116,0.23893704079764846,0.17231737021384688,0.1820054589401941,0.14512332021627958
EE,0.1717966812795813,0.22584007142611542,0.27140836135673196,0.25490952444646287,0.21418062997145437
ED,0.14656483827579425,0.22507383857418936,0.14955915924942445,0.1526517387999037,0.11130855705867848
EG,0.15331083445982618,0.1323799884738861,0.06358588504635983,0.18097183042208095,0.12154751106664011
EF,0.10900104625566039,0.013436255134036942,0.011307144922438906,0.08788346373994343,0.016324208024968354
EA,0.14198822943782344,0.05918943589370523,0.030834011188978667,0.11606165746934602,0.015738009444144375
EC,0.2681677334250431,0.27922197522331943,0.39256110214773615,0.26747092403588946,0.22595817902471607
VM,0.08611793264278095,0.055186558417207265,0.03554068073012714,0.00718105610010336,0.003864292817411444
EY,0.07302115434989793,0.00907732581519136,0.044473461149628336,0.0255713589209695,0.023988501260096617
VN,0.010525352072907791,0.05826564039472947,0.012238348322448347,0.08822647838268566,0.09827705527018941
ET,0.07284557890803206,0.06241038284844595,0.1428271454184979,0.07267347211612654,0.1678929277578452
EW,0.18849445436389697,0.2711732075570901,0.21736285930365634,0.21246515153655296,0.13514826639409105
EV,0.08055002932307995,0.03478214568660618,0.09621937987241877,0.14807586593921693,0.1465010354196938
EQ,0.214413369009437,0.2287158460831506,0.21287457108545896,0.2458845055194401,0.21303991691496266
EP,0.19685084753499826,0.1998314870215151,0.25535017163403617,0.24557525606078667,0.1358671212998287
ES,0.10688177373366951,0.1433870355027422,0.16925591685500277,0.24916143117752668,0.15068342281191893
ER,0.1320857504266092,0.1776389439530392,0.16216464147417894,0.20453039434498554,0.23081774633476937
VP,0.06261625779321252,0.01870057887744235,0.05906312974107637,0.04948829687602735,0.0880687317451545
VQ,0.14116227945982715,0.062088190664012645,0.12221982538241487,0.15633457366014186,0.07744387333682286
VR,0.053249208490650526,0.13280841416080635,0.11543217395147884,0.09826681906833837,0.11029969128043711
VT,0.31022543455880564,0.2197357985014223,0.2283750211212539,0.18272851827954859,0.2805772588269596
VW,0.1671920365726115,0.26596524131057225,0.20355286894368402,0.19485870656428608,0.28000904966493473
KC,0.19232140398462783,0.19376860112057143,0.1597689693479084,0.20062563572418035,0.05739591444376563
KA,0.04641863544307105,0.053627415985700116,0.09637869051199834,0.02976793155939851,0.10416628363058358
KG,0.18895940443084688,0.165848909255864,0.22038725367871922,0.15121008974421948,0.26964378692087143
KF,0.094191835148209,0.04009802502181247,0.011151540405791948,0.0934589974367609,0.04328665873258305
KE,0.03365570975723488,0.0745310998373747,0.1116631267627125,0.07825683691543846,0.06708483973803143
KD,0.33520565105856814,0.2960567821083469,0.28421758260020785,0.24950402695379686,0.20635344670383163
KK,0.1429335119702981,0.2314059252570724,0.20537194945366716,0.15155082062714723,0.11858639381604236
KI,0.26794154861882186,0.1295239931465149,0.17903866102287164,0.12523284183765898,0.14099431042586696
KH,0.016417501110226322,0.007556572353510054,0.10311725751978172,0.027680368208780195,0.056297803791390835
KN,0.226617613153242,0.19180571337373106,0.16373861148668167,0.10893312235030801,0.12705091547748387
KM,0.18785127358952836,0.09980960506290193,0.09860556577302779,0.1367221534264483,0.14678171190017325
KL,0.2863448248818387,0.21763778976368992,0.28280021643645503,0.2098347592515947,0.17885699553749776
KS,0.26914229553550745,0.18060195061748208,0.12514913539110673,0.2348882998474672,0.22751741029914427
KR,0.2917894961253378,0.24159180194327431,0.2615063921183482,0.2963695632999335,0.28115764526681514
KQ,0.04340369594326201,0.06363153380892739,0.0826454876952823,0.010889503798440826,0.07056381985279885
KP,0.3063261272919717,0.2456629840192722,0.33280722132634916,0.2863613132399523,0.2228972795395192
KW,0.06715151074962178,0.08429255925129617,0.02113968476130522,0.05613318113326258,0.022746522952053056
KV,0.25264097438214134,0.2064082083894626,0.17610962761242313,0.16548286743686152,0.2040067709778247
KT,0.038028431953975164,0.08558322814838855,0.023305972863946648,0.042176942265514675,0.026169820930009417
KY,0.06213145939533374,0.02675877786210674,0.024281096424993865,0.02199913221347655,0.025974647451973875
DN,0.17042776422457953,0.17369103849215997,0.15659526539210247,0.22258608153924683,0.20991303416768703
DL,0.1626204259619779,0.21172156619285148,0.06119037139162695,0.12375361829295063,0.07934658343973183
DM,0.06773065677773099,0.08153463206303593,0.0018508949772394765,0.0206931474420657,0.08368630911984337
DK,0.23209971082088146,0.2165812839782341,0.2954094485960028,0.2947845276760841,0.23190063192129307
DH,0.08235300696157694,0.09574811897056196,0.11003693456036606,0.11739638928746916,0.007975547152392525
DI,0.2404100678366708,0.24088922396673101,0.2510128352326848,0.3284291745224599,0.22004641524294805
DF,0.039935313196540013,0.01935944454430212,0.006940012654663853,0.018223790929746395,0.0025933711375720303
DG,0.12313193728405986,0.08320837510818453,0.011411887912767042,0.12702502181594913,0.15358948954800467
DD,0.2380388292811267,0.2673053200328678,0.25493718876709914,0.2648239160828304,0.22631055460461463
DE,0.08388933920477536,0.046924327502640806,0.038932579923799754,0.08887124385892133,0.10218637338872276
DC,0.0363788301154248,0.011228507824545118,0.06125668746879946,0.04294878790986637,0.06502895400764334
DA,0.12892180040042345,0.15395258586908098,0.09775037363527267,0.19825867614332332,0.19142304323515197
DY,0.06014358205555218,0.05871517407210254,0.002545984344847482,0.0446209371619178,0.0011490502440598333
DV,0.11587383791934133,0.10770038202777675,0.11063697991859692,0.1318787635434338,0.11732470258837081
DW,0.001427068054063959,0.034560912304584794,0.035632146716101716,0.016912435657534267,0.04557818088084579
DT,0.03236620514675749,0.027316165791704053,0.017611595770760175,0.13593737594894273,0.04551472890325164
DR,0.11826289901747777,0.18718386402224482,0.14618054529010077,0.12796751078233545,0.1807619797228003
DS,0.06503892675297263,0.04920281429613113,0.03543763747071719,0.09237334472833829,0.024583996588794337
DP,0.242593914949374,0.17307875838398,0.2133762023717061,0.18560515437975408,0.12505722947806355
DQ,0.08133347801867943,0.02701821139404501,0.09824694385490804,0.11628771317515063,0.12109871946094461
QQ,0.5929848645384412,0.5837992255742867,0.6067205223871655,0.6224981244720262,0.582474245225433
QP,0.5572118404983756,0.6090311456651372,0.5387994837449628,0.541749130906557,0.5667810369399261
QS,0.23150013367099148,0.14645413428965876,0.22393438061637205,0.2580046385876789,0.169869706874989
QR,0.15561806021524532,0.0934627110864937,0.12973386604536755,0.16875717911070692,0.09072915032285483
QT,0.11925330373249682,0.07617165317667579,0.08326966807703877,0.05022203526568953,0.14551337378217674
QW,0.08321051633692932,0.14022601945667454,0.1304521618372916,0.09475790595368619,0.08942463669819357
QV,0.13267731416852252,0.11057478780748813,0.15778364096522488,0.17949613099711742,0.20308506085388328
QY,0.023171613762963356,0.0768137988388722,0.06411190882816871,0.0035619570422598286,0.03751056679634088
QA,0.0517742548087952,0.03516492916976132,0.1392804515606348,0.06203640812943803,0.06387735347097773
QC,0.13076234622357663,0.09138406901123301,0.05792665578800097,0.17052584345520208,0.13004734077937596
QE,0.06947512340162758,0.14774692158316058,0.10356139073846718,0.11573626902272728,0.09102465379900565
QD,0.16165914743154855,0.15704840062606779,0.0709501290036848,0.1374106847593666,0.11328433532551543
QG,0.18246446265407593,0.18205615947611573,0.23097456803685587,0.2444102912126628,0.15852942713447196
QF,0.4142332364379531,0.3590506251030561,0.3180125713013511,0.3144814816882825,0.38558847871798607
QI,0.10975010066852854,0.11141305592684254,0.14005170291302144,0.03139340337435143,0.1018501852997841
QH,0.0662702699245171,0.030476033652935396,0.007939312092005091,0.0009157470679538369,0.02200701050804553
QK,0.12467792132241105,0.2531047812739603,0.2588147012462543,0.2230376400618276,0.258770005252849
QM,0.03080521652657769,0.07030855779274711,0.04125012245249101,0.037994303520636805,0.0014888964707452294
QL,0.08387427320337461,0.13199311852782078,0.1055914776314014,0.10943675531865726,0.07635073222858622
QN,0.15658521053737404,0.05158975260469312,0.035898452156947494,0.011101679197859756,0.09324151155736694
WG,0.01904238032698516,0.05936704749460789,0.11545495803403925,0.11344676648680861,0.039933296979642804
WF,0.06980301938075152,0.06786474625705152,0.04856829618727076,0.045866877774835675,0.02594298076409572
WE,0.08800627809053221,0.005469153524951663,0.013827591474829516,0.017174593573229344,0.052541918712433876
WD,0.15209699096592136,0.09339147209924305,0.1172522959641925,0.10712301296431155,0.060790601823309615
WC,0.09039801560510352,0.06488500176740647,0.10321491661518087,0.05411686520865577,0.056176641897288944
WA,0.09137978530397226,0.1098151011189407,0.03950750743859016,0.0932353865678566,0.02088929264885795
WN,0.0550323917480878,0.06950519153062493,0.037872597390816956,0.0445823295999899,0.0346330966891165
WM,0.08552781546640151,0.15311033901611515,0.14957053770964102,0.1757058283389075,0.1209719603506476
WL,0.18559256294016127,0.12465187727290901,0.1482616884093811,0.1550279863770226,0.09677902680003399
WK,0.2395843502299311,0.2444926540555214,0.15177391773498156,0.22657550312562635,0.23427669522720285
WI,0.0013586321150396452,0.0018591363538435172,0.05202189681697732,0.018378502234121807,0.05447360845893002
WH,0.2899976946313014,0.2937476615242747,0.25380270184534715,0.23629540989651873,0.2886842706310802
WW,0.07382834909166369,0.05731306891230274,0.1005108716525342,0.10758984634653193,0.0765673752823027
WV,0.15687632773509422,0.24359524487359538,0.22381834833567,0.22415719217071192,0.24802468584590745
WT,0.12334120082606567,0.028091774370105616,0.006117459926132598,0.08700719713339303,0.07446616142399293
WS,0.016517377966513824,0.010842222226629037,0.03181515415329689,0.03616514246553448,0.05466887907161274
WR,0.10234836227726003,0.08775148610878912,0.06375317652653482,0.08440738075038523,0.039347262944108716
WQ,0.16934726947348988,0.18653678492072442,0.1277561995486543,0.17790427137420795,0.21677768721060736
WP,0.04629393974301757,0.05415936638081779,0.0012554526999738825,0.04328296783304934,0.054469726323440895
WY,0.03825051318696464,0.009245473716153375,0.04682025253410935,0.07034508120545548,0.011133395579608187
PR,0.25470117770345446,0.24642668839998735,0.21653769766316514,0.27921202680031254,0.2998351066717365
PS,0.2832210616441098,0.2354467017646522,0.21780934548386105,0.2373107734071903,0.3358111199425227
PP,0.35920748982155964,0.4675165202854116,0.3933267903624553,0.41848427343896266,0.44960185004553527
PQ,0.562353814528483,0.5117591740792545,0.5855914863337516,0.5068957226164056,0.5045213841730648
PV,0.10236023226625382,0.11340036827361992,0.08944807959595485,0.17499662381607092,0.09975269623834666
PW,0.06792149562504743,0.13807520252479355,0.13283503239239733,0.18970634656523008,0.20050992137972506
PT,0.03476035937715373,0.09875678122085892,0.16892126460222578,0.18279978718883882,0.10977875790030699
PY,0.2635374560027378,0.28309351744743355,0.2797955969124755,0.1874918928028732,0.1753370515322176
PC,0.0015687970975596648,0.10638801721680298,0.0348679968992801,0.00043657518201516675,0.003983259843945966
PA,0.14078649889123396,0.15999056137587842,0.12241769899003181,0.0762968193329222,0.182360470086746
PF,0.33037353813146464,0.3120847194138551,0.26126845905287455,0.2689676633056756,0.34856382532560387
PG,0.30511811973835073,0.4053927162277172,0.35437482238933127,0.44110062458350696,0.2994371933104617
PD,0.1587055097797311,0.19399364174558234,0.0769617234779723,0.15922719212944345,0.15741584494987157
PE,0.15848681109738375,0.1194474348403532,0.17381931915640844,0.12180774670833763,0.13298725740549977
PK,0.22851011435409152,0.2558949207009325,0.20273744767551058,0.138968151926186,0.19205494907393258
PH,0.07380654938365318,0.0187990519035244,0.04910009337654555,0.0075978228651958106,0.00379557086803247
PI,0.15943982171737742,0.1567657506530643,0.1620802507260247,0.11457717932969722,0.09212048004683619
PN,0.15447643666558125,0.151021432017826,0.24114089066662067,0.11962805686091631,0.07077665642498568
PL,0.1347585384823251,0.05906844777771909,0.10967533943901216,0.008516324124051343,0.05008642456171274
PM,0.27323598531744364,0.21642827773782727,0.22858384176547,0.2026029732317921,0.28914628115619745
CK,0.24211692888510292,0.3074582767476415,0.07164539132943999,0.2719691952311478,0.11930781752563256
CI,0.017074976027768994,0.025519644314018722,0.08388895788008634,0.04879796432309623,0.007272366443634058
CH,0.09727426030678209,0.13570062460976284,0.09599522759221696,0.11053336663736722,0.07291178015227719
CN,0.15660023419969435,0.13098905239255232,0.05717160672739464,0.14183391248352098,0.1268345173774368
CM,0.03688134097745978,0.05642139855563352,0.0909803928431094,0.09905496848173875,0.1498923536380984
CL,0.08825303512031625,0.0732126416051854,0.09180769033138668,0.13913414594982956,0.06969390322400641
CC,0.08960406663045589,0.12304116930080801,0.1031560517993928,0.05980936724100956,0.21627638485491954
CA,0.07304265841273391,0.09278329970327562,0.05036200229676614,0.043456896438001595,0.07581917158763402
CG,0.10297063492847132,0.04987436123465068,0.04168135741113689,0.09477098825446638,0.11237878867580851
CF,0.05723630992264485,0.13577838703827866,0.10056937547366672,0.07252207620184231,0.05567290769809861
CE,0.0365116815328225,0.13876616251110788,0.036221601698066694,0.04205228806061638,0.0020589101428561455
CD,0.16926715488339764,0.18919229085410258,0.10554921553037241,0.16746248664713256,0.1521391093270598
CY,0.0883872743040943,0.0561283039290371,0.024728956321507692,0.013406168386065313,0.06994639950899326
CS,0.04828175510507217,0.04053192062451138,0.027709529574735436,0.014026921890756258,0.04580222214417292
CR,0.13973023279440855,0.23919347176450867,0.18365796105920845,0.20802885081197037,0.13838470572411748
CQ,0.03949171893868679,0.05203206985506408,0.043187044615836265,0.04915921533308775,0.08804349120885299
CP,0.13497601869917525,0.0518729247704826,0.05778133169060099,0.21570122959961308,0.18917710245194888
CW,0.19340875484667247,0.18745960663973416,0.1838925291404761,0.17435647022897613,0.13448456992873695
CV,0.05495843712957126,0.0159050086173513,0.01834460303120267,0.02782801712618072,0.028950814105072917
CT,0.11563101448277736,0.1435716717054018,0.17487037340959521,0.19074900803205525,0.19283160664209828
IY,0.11538176416307898,0.10069425495846455,0.14144002379797616,0.17995674289119704,0.03220311334424008
VA,0.2588981575482994,0.30563537143280306,0.2930921115381732,0.2423388720004294,0.2749823374459812
VC,0.16837587397563966,0.20871814377162437,0.11438328304876422,0.1519029059193029,0.107636636077272
VD,0.053662640026857104,0.09107499058839724,0.06511580874868735,0.006594787161286315,0.015244460379296585
VE,0.08924652318258665,0.11836730398995376,0.1485146972885241,0.11817004531522797,0.04268180995464752
VF,0.18455571190507608,0.2222540844998917,0.1893586706915416,0.18142675220221727,0.19805377074620145
VG,0.381817691360906,0.20676721027541153,0.30286231905980565,0.2558559725071344,0.3206901838202533
IQ,0.03310988543991828,0.03557093262355111,0.07101822252396348,0.024282262924656475,0.08554145951329574
IP,0.044917543470969934,0.12243472668663037,0.091531605221103,0.005816021689281592,0.05441995111611552
IS,0.1627031786213975,0.2007391113874622,0.21079391900450029,0.17089660538614387,0.17080487301799593
IR,0.12301267363191971,0.13116093426594916,0.06481390976422245,0.09368559005868515,0.07117162533856827
VL,0.402842107601445,0.39116652613587755,0.37644391898447754,0.418843025824158,0.4486597978338045
IT,0.265181682187954,0.21932849915427388,0.22375633170183382,0.24650382506818025,0.19893686781540587
IW,0.1978649568611482,0.23345412001011157,0.21842929590449675,0.22374531914827658,0.20807124747931985
IV,0.21989865493334906,0.23147571666905079,0.1572458483693738,0.18908038280708,0.27399413696556285
II,0.1764139193353663,0.1443202955696005,0.18115134457596282,0.08908513238211707,0.10615452782977801
IH,0.1333291244011047,0.12574138866184068,0.11350672734069837,0.15339765646742104,0.15165146022405898
IK,0.21705626260264907,0.1779863089618134,0.3080756400070025,0.16825667761205595,0.18772126070670125
VS,0.12959684809990507,0.1302397100131046,0.060930580910218315,0.033221789722038174,0.027074740446970755
IM,0.2167596223442302,0.16881693161912936,0.22627426564584144,0.17110784197262432,0.18268447088076045
IL,0.2787414918959759,0.33874197691789304,0.30997528465355173,0.33412780964629657,0.35560030780030183
VV,0.20295033174954258,0.19128119967368554,0.16674088490473218,0.202478613214257,0.22388763401125675
IN,0.052855836893760035,0.06974267636327623,0.0179840113917369,0.0921053546065159,0.008524054203830818
IA,0.21602601636790036,0.24325285187933826,0.26028844969233594,0.2074250368315355,0.2888390102080495
VY,0.14324036648527277,0.152397004440127,0.1384039242682273,0.1420066885512167,0.11118019462176115
IC,0.02266764200807618,0.002580111023451685,0.060191200674447914,0.02932469089887752,0.05098924298967825
IE,0.062386860213321425,0.007656423392456645,0.08651851285677625,0.031608246792724934,0.03816016465213405
ID,0.05408266810648877,0.12399308037539879,0.13259064348626512,0.13288268739979148,0.08577151368914411
IG,0.14993323987068394,0.13999154758859345,0.1553081566963184,0.13856855752788863,0.16322420614768204
IF,0.25304076714550966,0.1430552232645252,0.22728224757683213,0.16814441659430876,0.15968159265501117
HY,0.05279742962045903,0.0010527623491566503,0.07580516446046627,0.048164194404756645,0.043575945725371275
HR,0.06499658089775603,0.01368321742733896,0.08075268006990456,0.008688728689104658,0.054492609558170715
HS,0.16622490886634167,0.11861740830029825,0.16613217036611594,0.14462179021606975,0.03869745774626083
HP,0.07099177957352823,0.008763261676986168,0.04876171506650996,0.04142655194816568,0.0674263557054046
HQ,0.2014265305756897,0.18427344112640462,0.19008048833557886,0.20392118624900232,0.17101258409410294
HV,0.021659251457599036,0.014050476690741954,0.024166987137228424,0.037329418393395764,0.05001736835877433
HW,0.08249979739292204,0.089316013219331,0.019369540024410277,0.047793703882919196,0.006105509270191687
HT,0.24020325098782286,0.24689940663442278,0.2906032613055061,0.19997561448689619,0.23628568337134734
HK,0.04241825529406531,0.10511290053733434,0.001685079726791908,0.03772531405514376,0.04568389580163306
HH,0.13886572434428585,0.0531032412561824,0.10637877483685557,0.11290669078127712,0.10363872160231288
HI,0.04820993184217671,0.0680852177207132,0.12795860969518416,0.1064156475360684,0.192695001217498
HN,0.1529281664856567,0.21201748041758456,0.17908546577008577,0.2264891925287711,0.2021354272867435
HL,0.06910710100095377,0.13505251708061863,0.09893566278321174,0.13562805147215345,0.06230313365862329
HM,0.1627295109728834,0.10502864930363918,0.13129165231305664,0.0728337935153017,0.027506031424502128
HC,0.04581812378425483,0.06729615960779872,0.07605779080379023,0.06539862805093277,0.04455717943194809
HA,0.0027492595411500046,0.07155041271089037,0.026176200933145457,0.08496257374455521,0.09028020739667338
HF,0.13720850697468306,0.21744902053220405,0.12885715576846754,0.15627120011594198,0.1616115969997308
HG,0.04715874670713127,0.0014057638059722872,0.012202879041491706,0.12388638626055064,0.051566271833155604
HD,0.09754501950076487,0.1320493522038797,0.09111948234845686,0.07806697676096416,0.056158162560955564
HE,0.07548645809608741,0.038385087436083314,0.060463815459436104,0.07443451942077534,0.06142386708013028
NH,0.04591736057333481,0.13101213300515732,0.14735391893670738,0.16161972891021195,0.0500124771361196
NI,0.09810472013241626,0.05961075728364545,0.11961070065250078,0.14509755374657235,0.12383572754035127
NK,0.020429830474050344,0.06695199552766802,0.06763278944487883,0.000959468737900893,0.034033805573082214
NL,0.13696447161213482,0.08278285642154945,0.040232299494881295,0.054469884266292914,0.046657423854434235
NM,0.12369957359213386,0.07864300298144938,0.10144837826750691,0.03992542184282892,0.07829982397289768
NN,0.1905500764924361,0.1435510990542632,0.12589183709978963,0.1509307980520435,0.18840437444514105
NAA,0.015303822088406888,0.008475604699232713,0.027498465675411487,0.04567426034214195,0.03042808764597472
NC,0.10758213393391923,0.1956503311503348,0.14580029643330827,0.15065337483871322,0.20207510253908242
ND,0.07075644567040233,0.050063896984317034,0.015385328739752258,0.1171453572226294,0.10980509140870001
NE,0.07840867029644333,0.014943584627942437,0.0183752472744469,0.02424761651704844,0.031036286160673287
NF,0.2166181610064481,0.2633286785183847,0.30563062930611207,0.2187669633007028,0.25976386583431793
NG,0.12005267661643082,0.0539166527408968,0.06699344102505418,0.06251512218729137,0.03768032396445643
NY,0.06198273656899649,0.03570520609294602,0.1134026006019598,0.09059333215883834,0.08745144397373779
NP,0.05893534822063551,0.14024395935902484,6.977463869984232e-05,0.09163221241797574,0.03442013621608388
NQ,0.2440325532187348,0.17386208029789296,0.19700139140288428,0.2114341239729948,0.19311354869705066
NR,0.1897565153702297,0.15736890346142024,0.20777285155381783,0.13510843379825188,0.20052530940561256
NS,0.13118862842679618,0.13545893075193402,0.19399773506266765,0.1917868157767711,0.1314536447924353
NT,0.06780862374905063,0.12717865240049253,0.10196136397759792,0.07864568512841602,0.06304875981945338
NV,0.13201622306724978,0.0668944300860455,0.12646272139639814,0.09005805185824398,0.023667423878994877
NW,0.1575489147480731,0.1863971151530266,0.17500142170491567,0.16494924515771237,0.22270701030507636
TY,0.14046539250603662,0.10736460338996394,0.04843790671802111,0.0672356243205016,0.06047484236162843
TV,0.08650283217524601,0.0089369810447274,0.1291898335134177,0.06367505050963089,0.11228120733661098
TW,0.19824486451462478,0.15981116583296961,0.1372607060820427,0.15879065649932733,0.08818106551351172
TT,0.16251846121371713,0.10136400970740271,0.0373548582840529,0.11909566982582889,0.06707075372990884
TR,0.07403044956783547,0.08941574556109037,0.05777282198020254,0.10933698477393489,0.15998409472424713
TS,0.07792586253257944,0.09962539275711048,0.07406723375507361,0.13569007717104892,0.04594545894374202
TP,0.006161818179292445,0.1212301538156961,0.0338776815636734,0.03811934146627707,0.012491679929445674
TQ,0.01947793817193056,0.015568362392988252,0.018991429627934264,0.05967283269506361,0.008898586466087396
TN,0.013302168055638918,0.04956748805878818,0.02664286846066127,0.055314789786659574,0.035793857088448115
TL,0.12240241632331966,0.27156545333807325,0.15257787150588925,0.1551460174368731,0.1883281140930386
TM,0.0394825817250401,0.03106739436731568,0.007928672169495445,0.04551921986543728,0.07221627274165981
TK,0.013897064200807026,0.07248026189691885,0.0459344095249886,0.020545302800962523,0.047088498631768304
TH,0.07893784977358034,0.10816957416044894,0.13866599522407191,0.11346110025098126,0.1487792155717975
TI,0.07054173645967733,0.06791646806294889,0.06839805758074917,0.033026177420766696,0.017965069858210374
TF,0.18352326661736065,0.21473141168764895,0.17881457994084604,0.1055577100517621,0.169983850134114
TG,0.128973727627134,0.21657467052811574,0.11124722409162437,0.1304590302271802,0.18251574391260672
TD,0.21786537617798268,0.18320650221665957,0.20039201906301232,0.1306149079493143,0.18102811974799846
TE,0.12309394233152826,0.09160080300378592,0.008944840634674923,0.0954894232696961,0.06209351703296714
TC,0.14096644570987943,0.17447076437306736,0.12173252408603388,0.149954114358511,0.11591996173835423
TA,0.21698478002086263,0.23349481386565915,0.23124182682595076,0.19584495265107182,0.23495104787258952
AA,0.10909848006005524,0.24787557561331444,0.14793361993069912,0.17675238408448665,0.1579221190609836
AC,0.09752356741808123,0.057857579661978735,0.12497285774158995,0.13420109840655325,0.13968110076962784
AE,0.03437740357730908,0.013704287597535695,0.01503383713505405,0.047680564650360885,0.013543354460820735
AD,0.01892471675326692,0.0343459160540599,0.014980023613606681,0.011363466734967935,0.045510790100386736
AG,0.08653873209338062,0.09184656947734843,0.09131232038997011,0.04618042658734863,0.1196218890800495
AF,0.15444709958723268,0.25253197332464195,0.14899199062756263,0.14300647193575944,0.11939342987873552
AI,0.1796288400931783,0.19332051326977262,0.20135125567249224,0.15402191138503982,0.20650779081135148
AH,0.11358440125199772,0.08029875609656277,0.07038263656716415,0.06031234199976752,0.06547914061116133
AK,0.03717360078033445,0.050367871271211985,0.05096407775587228,0.0004464259624872896,0.041956412074362695
AM,0.07583130991385555,0.16322824501336902,0.03289927452965871,0.047901523463542636,0.10607905862443773
AL,0.434789729464831,0.42235530640403607,0.34927036577250975,0.4902192192398633,0.46417709932016676
AN,0.12874636425425565,0.19207672517739796,0.08316433083452034,0.2635884274970275,0.20496681243599452
AQ,0.026582458818198467,0.024145386086775116,0.03592935965079453,0.052921842073791386,0.03372833507814561
AP,0.26569723415984864,0.24087306320301752,0.3586849202828283,0.2983045138176987,0.31842072775708014
AS,0.02462532577374128,0.1069408105900193,0.08884404766896711,0.12367334328532785,0.09226315093113203
AR,0.04600812265428553,0.07908348456562232,0.09641125627049586,0.06747607471296765,0.02617012102414555
AT,0.44086554955711704,0.3473406014065787,0.4244355271990462,0.40083482498747897,0.38190575233446356
AW,0.013818967190706827,0.08400926794849918,0.06135544133380356,0.06171885058120627,0.03980784751092752
AV,0.18822511077467835,0.14149859332957865,0.12053380009984854,0.08971033192137559,0.10312551036116963
AY,0.0599707207311557,0.03488964255506231,0.046067472190854594,0.10638038495178227,0.05066642622932014
VK,0.14550613261905795,0.15536170861876156,0.20595986553512133,0.1746279936287794,0.14298592531111065
