You have specified parameters: no discretization, #fea=500 selection method=MID #maxVar=10000 #maxSample=1000

Target classification variable (#1 column in the input data) has name=Classe 	entropy score=1.000

*** MaxRel features ***
Order 	 Fea 	 Name 	 Score
1 	 234 	 WC 	 0.010
2 	 149 	 EE 	 0.009
3 	 261 	 PG 	 0.008
4 	 296 	 VG 	 0.007
5 	 391 	 AN 	 0.007
6 	 106 	 LA 	 0.007
7 	 211 	 QP 	 0.007
8 	 210 	 QQ 	 0.006
9 	 165 	 VP 	 0.006
10 	 290 	 IY 	 0.006
11 	 311 	 VV 	 0.005
12 	 256 	 PT 	 0.005
13 	 104 	 LE 	 0.005
14 	 215 	 QW 	 0.005
15 	 153 	 EA 	 0.005
16 	 237 	 WM 	 0.005
17 	 390 	 AL 	 0.005
18 	 193 	 DK 	 0.005
19 	 166 	 VQ 	 0.005
20 	 400 	 VK 	 0.005
21 	 313 	 IA 	 0.005
22 	 257 	 PY 	 0.005
23 	 387 	 AH 	 0.005
24 	 103 	 LD 	 0.005
25 	 135 	 RL 	 0.005
26 	 9 	 GG 	 0.005
27 	 397 	 AW 	 0.004
28 	 218 	 QA 	 0.004
29 	 380 	 AA 	 0.004
30 	 358 	 NV 	 0.004
31 	 6 	 GQ 	 0.004
32 	 337 	 HG 	 0.004
33 	 148 	 EK 	 0.004
34 	 278 	 CG 	 0.004
35 	 62 	 SS 	 0.004
36 	 185 	 KP 	 0.004
37 	 164 	 ER 	 0.004
38 	 348 	 ND 	 0.004
39 	 72 	 SN 	 0.004
40 	 382 	 AE 	 0.004
41 	 124 	 RP 	 0.004
42 	 394 	 AS 	 0.004
43 	 355 	 NR 	 0.004
44 	 264 	 PK 	 0.004
45 	 181 	 KL 	 0.004
46 	 163 	 ES 	 0.004
47 	 126 	 RR 	 0.004
48 	 253 	 PQ 	 0.004
49 	 15 	 GN 	 0.004
50 	 161 	 EQ 	 0.004
51 	 275 	 CL 	 0.004
52 	 63 	 SR 	 0.004
53 	 363 	 TT 	 0.004
54 	 328 	 HK 	 0.004
55 	 157 	 VN 	 0.004
56 	 255 	 PW 	 0.004
57 	 233 	 WD 	 0.004
58 	 151 	 EG 	 0.004
59 	 64 	 SQ 	 0.003
60 	 120 	 LY 	 0.003
61 	 129 	 RD 	 0.003
62 	 105 	 LC 	 0.003
63 	 81 	 YI 	 0.003
64 	 182 	 KS 	 0.003
65 	 314 	 VY 	 0.003
66 	 301 	 VL 	 0.003
67 	 252 	 PP 	 0.003
68 	 375 	 TG 	 0.003
69 	 112 	 LI 	 0.003
70 	 379 	 TA 	 0.003
71 	 4 	 GS 	 0.003
72 	 307 	 IK 	 0.003
73 	 13 	 GC 	 0.003
74 	 11 	 GE 	 0.003
75 	 183 	 KR 	 0.003
76 	 111 	 LH 	 0.003
77 	 372 	 TH 	 0.003
78 	 318 	 IG 	 0.003
79 	 346 	 NAA 	 0.003
80 	 359 	 NW 	 0.003
81 	 266 	 PI 	 0.003
82 	 388 	 AK 	 0.003
83 	 91 	 YG 	 0.003
84 	 396 	 AT 	 0.003
85 	 399 	 AY 	 0.003
86 	 119 	 LQ 	 0.003
87 	 262 	 PD 	 0.003
88 	 79 	 SE 	 0.003
89 	 29 	 MN 	 0.003
90 	 49 	 FA 	 0.003
91 	 386 	 AI 	 0.003
92 	 310 	 IL 	 0.003
93 	 206 	 DR 	 0.003
94 	 61 	 SY 	 0.003
95 	 137 	 RN 	 0.003
96 	 74 	 SL 	 0.003
97 	 147 	 EH 	 0.003
98 	 312 	 IN 	 0.003
99 	 128 	 RY 	 0.003
100 	 321 	 HR 	 0.003
101 	 291 	 VA 	 0.003
102 	 364 	 TR 	 0.003
103 	 150 	 ED 	 0.003
104 	 173 	 KF 	 0.003
105 	 351 	 NG 	 0.003
106 	 350 	 NF 	 0.003
107 	 184 	 KQ 	 0.002
108 	 381 	 AC 	 0.002
109 	 7 	 GP 	 0.002
110 	 293 	 VD 	 0.002
111 	 207 	 DS 	 0.002
112 	 345 	 NN 	 0.002
113 	 145 	 EN 	 0.002
114 	 298 	 IP 	 0.002
115 	 87 	 YA 	 0.002
116 	 44 	 FS 	 0.002
117 	 226 	 QK 	 0.002
118 	 172 	 KG 	 0.002
119 	 80 	 SD 	 0.002
120 	 365 	 TS 	 0.002
121 	 92 	 YF 	 0.002
122 	 281 	 CD 	 0.002
123 	 117 	 LS 	 0.002
124 	 221 	 QD 	 0.002
125 	 90 	 YD 	 0.002
126 	 369 	 TL 	 0.002
127 	 367 	 TQ 	 0.002
128 	 158 	 ET 	 0.002
129 	 373 	 TI 	 0.002
130 	 108 	 LL 	 0.002
131 	 208 	 DP 	 0.002
132 	 76 	 SA 	 0.002
133 	 273 	 CN 	 0.002
134 	 42 	 FQ 	 0.002
135 	 110 	 LK 	 0.002
136 	 127 	 RS 	 0.002
137 	 18 	 GK 	 0.002
138 	 219 	 QC 	 0.002
139 	 195 	 DI 	 0.002
140 	 167 	 VR 	 0.002
141 	 97 	 YR 	 0.002
142 	 339 	 HE 	 0.002
143 	 19 	 GI 	 0.002
144 	 263 	 PE 	 0.002
145 	 222 	 QG 	 0.002
146 	 212 	 QS 	 0.002
147 	 393 	 AP 	 0.002
148 	 259 	 PA 	 0.002
149 	 305 	 II 	 0.002
150 	 199 	 DE 	 0.002
151 	 223 	 QF 	 0.002
152 	 282 	 CY 	 0.002
153 	 285 	 CQ 	 0.002
154 	 343 	 NL 	 0.002
155 	 131 	 RF 	 0.002
156 	 146 	 EI 	 0.002
157 	 353 	 NP 	 0.002
158 	 48 	 FY 	 0.002
159 	 335 	 HA 	 0.002
160 	 38 	 MS 	 0.002
161 	 180 	 KM 	 0.002
162 	 176 	 KK 	 0.002
163 	 334 	 HC 	 0.002
164 	 228 	 QL 	 0.002
165 	 230 	 WG 	 0.002
166 	 170 	 KC 	 0.002
167 	 162 	 EP 	 0.002
168 	 192 	 DM 	 0.002
169 	 240 	 WI 	 0.002
170 	 300 	 IR 	 0.002
171 	 188 	 KT 	 0.002
172 	 332 	 HL 	 0.002
173 	 130 	 RE 	 0.002
174 	 109 	 LM 	 0.002
175 	 336 	 HF 	 0.002
176 	 71 	 SH 	 0.002
177 	 94 	 YQ 	 0.002
178 	 297 	 IQ 	 0.002
179 	 139 	 RI 	 0.002
180 	 194 	 DH 	 0.001
181 	 344 	 NM 	 0.001
182 	 239 	 WK 	 0.001
183 	 27 	 MM 	 0.001
184 	 34 	 MW 	 0.001
185 	 283 	 CS 	 0.001
186 	 53 	 FF 	 0.001
187 	 224 	 QI 	 0.001
188 	 238 	 WL 	 0.001
189 	 295 	 VF 	 0.001
190 	 57 	 FK 	 0.001
191 	 178 	 KH 	 0.001
192 	 370 	 TM 	 0.001
193 	 14 	 GA 	 0.001
194 	 317 	 ID 	 0.001
195 	 52 	 FE 	 0.001
196 	 377 	 TE 	 0.001
197 	 197 	 DG 	 0.001
198 	 189 	 KY 	 0.001
199 	 241 	 WH 	 0.001
200 	 341 	 NI 	 0.001
201 	 389 	 AM 	 0.001
202 	 56 	 FI 	 0.001
203 	 251 	 PS 	 0.001
204 	 177 	 KI 	 0.001
205 	 250 	 PR 	 0.001
206 	 156 	 EY 	 0.001
207 	 40 	 MY 	 0.001
208 	 299 	 IS 	 0.001
209 	 376 	 TD 	 0.001
210 	 32 	 MK 	 0.001
211 	 338 	 HD 	 0.001
212 	 205 	 DT 	 0.001
213 	 2 	 GV 	 0.001
214 	 216 	 QV 	 0.001
215 	 54 	 FG 	 0.001
216 	 39 	 MR 	 0.001
217 	 268 	 PL 	 0.001
218 	 203 	 DV 	 0.001
219 	 392 	 AQ 	 0.001
220 	 41 	 FP 	 0.001
221 	 67 	 SV 	 0.001
222 	 225 	 QH 	 0.001
223 	 77 	 SG 	 0.001
224 	 143 	 EM 	 0.001
225 	 65 	 SP 	 0.001
226 	 85 	 YL 	 0.001
227 	 1 	 GW 	 0.001
228 	 115 	 LT 	 0.001
229 	 217 	 QY 	 0.001
230 	 186 	 KW 	 0.001
231 	 28 	 ML 	 0.001
232 	 5 	 GR 	 0.001
233 	 349 	 NE 	 0.001
234 	 280 	 CE 	 0.001
235 	 93 	 YY 	 0.001
236 	 179 	 KN 	 0.001
237 	 356 	 NS 	 0.001
238 	 232 	 WE 	 0.001
239 	 60 	 FN 	 0.001
240 	 329 	 HH 	 0.001
241 	 169 	 VW 	 0.001
242 	 102 	 LG 	 0.001
243 	 78 	 SF 	 0.001
244 	 142 	 VI 	 0.001
245 	 198 	 DD 	 0.001
246 	 86 	 YN 	 0.001
247 	 17 	 GL 	 0.001
248 	 395 	 AR 	 0.001
249 	 20 	 GH 	 0.001
250 	 16 	 GM 	 0.001
251 	 265 	 PH 	 0.001
252 	 47 	 FW 	 0.001
253 	 8 	 GY 	 0.001
254 	 322 	 HS 	 0.001
255 	 357 	 NT 	 0.001
256 	 121 	 RT 	 0.001
257 	 132 	 RG 	 0.001
258 	 220 	 QE 	 0.001
259 	 347 	 NC 	 0.001
260 	 284 	 CR 	 0.001
261 	 360 	 TY 	 0.001
262 	 89 	 YE 	 0.001
263 	 384 	 AG 	 0.001
264 	 174 	 KE 	 0.001
265 	 118 	 LP 	 0.001
266 	 327 	 HT 	 0.001
267 	 274 	 CM 	 0.001
268 	 294 	 VE 	 0.001
269 	 88 	 YC 	 0.001
270 	 362 	 TW 	 0.001
271 	 58 	 FL 	 0.001
272 	 98 	 YT 	 0.001
273 	 202 	 DY 	 0.001
274 	 316 	 IE 	 0.001
275 	 187 	 KV 	 0.001
276 	 43 	 FR 	 0.001
277 	 287 	 CW 	 0.001
278 	 21 	 ME 	 0.001
279 	 171 	 KA 	 0.001
280 	 12 	 GD 	 0.001
281 	 201 	 DA 	 0.001
282 	 31 	 MH 	 0.001
283 	 398 	 AV 	 0.001
284 	 378 	 TC 	 0.001
285 	 154 	 EC 	 0.001
286 	 10 	 GF 	 0.001
287 	 113 	 LV 	 0.001
288 	 125 	 RQ 	 0.001
289 	 73 	 SM 	 0.001
290 	 306 	 IH 	 0.001
291 	 323 	 HP 	 0.001
292 	 368 	 TN 	 0.001
293 	 272 	 CH 	 0.001
294 	 243 	 WV 	 0.001
295 	 55 	 FH 	 0.001
296 	 159 	 EW 	 0.001
297 	 333 	 HM 	 0.001
298 	 83 	 YK 	 0.001
299 	 101 	 LF 	 0.001
300 	 23 	 MG 	 0.001
301 	 175 	 KD 	 0.001
302 	 319 	 IF 	 0.001
303 	 68 	 ST 	 0.001
304 	 286 	 CP 	 0.000
305 	 96 	 YS 	 0.000
306 	 138 	 RH 	 0.000
307 	 213 	 QR 	 0.000
308 	 227 	 QM 	 0.000
309 	 248 	 WP 	 0.000
310 	 3 	 GT 	 0.000
311 	 229 	 QN 	 0.000
312 	 352 	 NY 	 0.000
313 	 342 	 NK 	 0.000
314 	 260 	 PF 	 0.000
315 	 134 	 RC 	 0.000
316 	 324 	 HQ 	 0.000
317 	 235 	 WA 	 0.000
318 	 69 	 SK 	 0.000
319 	 383 	 AD 	 0.000
320 	 116 	 LR 	 0.000
321 	 152 	 EF 	 0.000
322 	 59 	 FM 	 0.000
323 	 24 	 MF 	 0.000
324 	 302 	 IT 	 0.000
325 	 267 	 PN 	 0.000
326 	 366 	 TP 	 0.000
327 	 107 	 LN 	 0.000
328 	 99 	 YW 	 0.000
329 	 254 	 PV 	 0.000
330 	 37 	 MP 	 0.000
331 	 309 	 IM 	 0.000
332 	 204 	 DW 	 0.000
333 	 46 	 FV 	 0.000
334 	 385 	 AF 	 0.000
335 	 258 	 PC 	 0.000
336 	 114 	 LW 	 0.000
337 	 270 	 CK 	 0.000
338 	 191 	 DL 	 0.000
339 	 340 	 NH 	 0.000
340 	 277 	 CA 	 0.000
341 	 25 	 MA 	 0.000
342 	 331 	 HN 	 0.000
343 	 231 	 WF 	 0.000
344 	 279 	 CF 	 0.000
345 	 140 	 RK 	 0.000
346 	 45 	 FT 	 0.000
347 	 141 	 VH 	 0.000
348 	 330 	 HI 	 0.000
349 	 122 	 RV 	 0.000
350 	 249 	 WY 	 0.000
351 	 36 	 MQ 	 0.000
352 	 246 	 WR 	 0.000
353 	 308 	 VS 	 0.000
354 	 304 	 IV 	 0.000
355 	 200 	 DC 	 0.000
356 	 326 	 HW 	 0.000
357 	 196 	 DF 	 0.000
358 	 160 	 EV 	 0.000
359 	 247 	 WQ 	 0.000
360 	 136 	 RM 	 0.000
361 	 271 	 CI 	 0.000
362 	 245 	 WS 	 0.000
363 	 155 	 VM 	 0.000
364 	 244 	 WT 	 0.000
365 	 276 	 CC 	 0.000
366 	 84 	 YM 	 0.000
367 	 100 	 YV 	 0.000
368 	 236 	 WN 	 0.000
369 	 35 	 MV 	 0.000
370 	 33 	 MT 	 0.000
371 	 325 	 HV 	 0.000
372 	 95 	 YP 	 0.000
373 	 315 	 IC 	 0.000
374 	 50 	 FC 	 0.000
375 	 269 	 PM 	 0.000
376 	 371 	 TK 	 0.000
377 	 168 	 VT 	 0.000
378 	 361 	 TV 	 0.000
379 	 292 	 VC 	 0.000
380 	 30 	 MI 	 0.000
381 	 320 	 HY 	 0.000
382 	 66 	 SW 	 0.000
383 	 289 	 CT 	 0.000
384 	 70 	 SI 	 0.000
385 	 209 	 DQ 	 0.000
386 	 354 	 NQ 	 0.000
387 	 374 	 TF 	 0.000
388 	 190 	 DN 	 0.000
389 	 214 	 QT 	 0.000
390 	 51 	 FD 	 0.000
391 	 75 	 SC 	 0.000
392 	 82 	 YH 	 0.000
393 	 288 	 CV 	 0.000
394 	 22 	 MD 	 0.000
395 	 123 	 RW 	 0.000
396 	 133 	 RA 	 0.000
397 	 303 	 IW 	 0.000
398 	 26 	 MC 	 0.000
399 	 144 	 EL 	 0.000

*** mRMR features *** 
Order 	 Fea 	 Name 	 Score
1 	 234 	 WC 	 0.010
2 	 149 	 EE 	 0.009
3 	 391 	 AN 	 0.006
4 	 296 	 VG 	 0.006
5 	 211 	 QP 	 0.005
6 	 237 	 WM 	 0.005
7 	 166 	 VQ 	 0.004
8 	 215 	 QW 	 0.004
9 	 106 	 LA 	 0.004
10 	 165 	 VP 	 0.004
11 	 397 	 AW 	 0.004
12 	 193 	 DK 	 0.003
13 	 290 	 IY 	 0.004
14 	 103 	 LD 	 0.003
15 	 275 	 CL 	 0.003
16 	 153 	 EA 	 0.003
17 	 261 	 PG 	 0.003
18 	 313 	 IA 	 0.003
19 	 135 	 RL 	 0.003
20 	 387 	 AH 	 0.003
21 	 72 	 SN 	 0.003
22 	 256 	 PT 	 0.003
23 	 257 	 PY 	 0.003
24 	 278 	 CG 	 0.003
25 	 163 	 ES 	 0.002
26 	 264 	 PK 	 0.002
27 	 157 	 VN 	 0.002
28 	 311 	 VV 	 0.002
29 	 233 	 WD 	 0.002
30 	 355 	 NR 	 0.002
31 	 218 	 QA 	 0.002
32 	 337 	 HG 	 0.002
33 	 104 	 LE 	 0.002
34 	 359 	 NW 	 0.002
35 	 81 	 YI 	 0.002
36 	 400 	 VK 	 0.002
37 	 210 	 QQ 	 0.002
38 	 348 	 ND 	 0.002
39 	 124 	 RP 	 0.002
40 	 164 	 ER 	 0.002
41 	 255 	 PW 	 0.002
42 	 181 	 KL 	 0.002
43 	 161 	 EQ 	 0.002
44 	 390 	 AL 	 0.002
45 	 151 	 EG 	 0.002
46 	 394 	 AS 	 0.002
47 	 328 	 HK 	 0.002
48 	 15 	 GN 	 0.002
49 	 185 	 KP 	 0.002
50 	 321 	 HR 	 0.002
51 	 314 	 VY 	 0.002
52 	 13 	 GC 	 0.002
53 	 120 	 LY 	 0.002
54 	 253 	 PQ 	 0.002
55 	 399 	 AY 	 0.002
56 	 111 	 LH 	 0.002
57 	 372 	 TH 	 0.002
58 	 183 	 KR 	 0.002
59 	 182 	 KS 	 0.002
60 	 126 	 RR 	 0.002
61 	 29 	 MN 	 0.002
62 	 64 	 SQ 	 0.002
63 	 105 	 LC 	 0.001
64 	 129 	 RD 	 0.001
65 	 382 	 AE 	 0.001
66 	 363 	 TT 	 0.001
67 	 358 	 NV 	 0.001
68 	 92 	 YF 	 0.001
69 	 273 	 CN 	 0.001
70 	 91 	 YG 	 0.001
71 	 9 	 GG 	 0.001
72 	 375 	 TG 	 0.001
73 	 49 	 FA 	 0.001
74 	 307 	 IK 	 0.001
75 	 61 	 SY 	 0.001
76 	 62 	 SS 	 0.001
77 	 350 	 NF 	 0.001
78 	 339 	 HE 	 0.001
79 	 266 	 PI 	 0.001
80 	 119 	 LQ 	 0.001
81 	 281 	 CD 	 0.001
82 	 128 	 RY 	 0.001
83 	 310 	 IL 	 0.001
84 	 112 	 LI 	 0.001
85 	 42 	 FQ 	 0.001
86 	 79 	 SE 	 0.001
87 	 364 	 TR 	 0.001
88 	 293 	 VD 	 0.001
89 	 148 	 EK 	 0.001
90 	 147 	 EH 	 0.001
91 	 312 	 IN 	 0.001
92 	 137 	 RN 	 0.001
93 	 381 	 AC 	 0.001
94 	 386 	 AI 	 0.001
95 	 4 	 GS 	 0.001
96 	 262 	 PD 	 0.001
97 	 44 	 FS 	 0.001
98 	 318 	 IG 	 0.001
99 	 63 	 SR 	 0.001
100 	 80 	 SD 	 0.001
101 	 301 	 VL 	 0.001
102 	 379 	 TA 	 0.001
103 	 27 	 MM 	 0.001
104 	 173 	 KF 	 0.001
105 	 346 	 NAA 	 0.001
106 	 150 	 ED 	 0.001
107 	 97 	 YR 	 0.001
108 	 241 	 WH 	 0.001
109 	 184 	 KQ 	 0.001
110 	 206 	 DR 	 0.001
111 	 334 	 HC 	 0.001
112 	 34 	 MW 	 0.001
113 	 219 	 QC 	 0.001
114 	 90 	 YD 	 0.001
115 	 221 	 QD 	 0.001
116 	 11 	 GE 	 0.001
117 	 298 	 IP 	 0.001
118 	 335 	 HA 	 0.001
119 	 351 	 NG 	 0.001
120 	 6 	 GQ 	 0.001
121 	 282 	 CY 	 0.001
122 	 38 	 MS 	 0.001
123 	 291 	 VA 	 0.001
124 	 87 	 YA 	 0.001
125 	 369 	 TL 	 0.001
126 	 370 	 TM 	 0.001
127 	 109 	 LM 	 0.001
128 	 139 	 RI 	 0.001
129 	 40 	 MY 	 0.001
130 	 74 	 SL 	 0.001
131 	 240 	 WI 	 0.001
132 	 263 	 PE 	 0.001
133 	 336 	 HF 	 0.001
134 	 367 	 TQ 	 0.000
135 	 223 	 QF 	 0.000
136 	 172 	 KG 	 0.001
137 	 230 	 WG 	 0.000
138 	 208 	 DP 	 0.000
139 	 380 	 AA 	 0.000
140 	 285 	 CQ 	 0.000
141 	 192 	 DM 	 0.000
142 	 145 	 EN 	 0.000
143 	 167 	 VR 	 0.000
144 	 207 	 DS 	 0.000
145 	 53 	 FF 	 0.000
146 	 48 	 FY 	 0.000
147 	 252 	 PP 	 0.000
148 	 131 	 RF 	 0.000
149 	 297 	 IQ 	 0.000
150 	 170 	 KC 	 0.000
151 	 396 	 AT 	 0.000
152 	 226 	 QK 	 0.000
153 	 158 	 ET 	 0.000
154 	 373 	 TI 	 0.000
155 	 146 	 EI 	 0.000
156 	 239 	 WK 	 0.000
157 	 180 	 KM 	 0.000
158 	 388 	 AK 	 0.000
159 	 57 	 FK 	 0.000
160 	 188 	 KT 	 0.000
161 	 295 	 VF 	 0.000
162 	 332 	 HL 	 0.000
163 	 195 	 DI 	 0.000
164 	 300 	 IR 	 0.000
165 	 194 	 DH 	 0.000
166 	 344 	 NM 	 0.000
167 	 39 	 MR 	 0.000
168 	 353 	 NP 	 0.000
169 	 71 	 SH 	 0.000
170 	 274 	 CM 	 0.000
171 	 287 	 CW 	 0.000
172 	 338 	 HD 	 0.000
173 	 94 	 YQ 	 0.000
174 	 389 	 AM 	 0.000
175 	 117 	 LS 	 0.000
176 	 238 	 WL 	 0.000
177 	 76 	 SA 	 0.000
178 	 199 	 DE 	 0.000
179 	 212 	 QS 	 0.000
180 	 47 	 FW 	 0.000
181 	 143 	 EM 	 0.000
182 	 305 	 II 	 -0.000
183 	 343 	 NL 	 -0.000
184 	 186 	 KW 	 -0.000
185 	 41 	 FP 	 -0.000
186 	 7 	 GP 	 -0.000
187 	 347 	 NC 	 -0.000
188 	 365 	 TS 	 -0.000
189 	 189 	 KY 	 -0.000
190 	 19 	 GI 	 -0.000
191 	 228 	 QL 	 -0.000
192 	 18 	 GK 	 -0.000
193 	 378 	 TC 	 -0.000
194 	 329 	 HH 	 -0.000
195 	 108 	 LL 	 -0.000
196 	 217 	 QY 	 -0.000
197 	 284 	 CR 	 -0.000
198 	 377 	 TE 	 -0.000
199 	 56 	 FI 	 -0.000
200 	 362 	 TW 	 -0.000
201 	 28 	 ML 	 -0.000
202 	 178 	 KH 	 -0.000
203 	 224 	 QI 	 -0.000
204 	 31 	 MH 	 -0.000
205 	 88 	 YC 	 -0.000
206 	 248 	 WP 	 -0.000
207 	 345 	 NN 	 -0.000
208 	 52 	 FE 	 -0.000
209 	 317 	 ID 	 -0.000
210 	 55 	 FH 	 -0.000
211 	 327 	 HT 	 -0.000
212 	 156 	 EY 	 -0.000
213 	 121 	 RT 	 -0.000
214 	 54 	 FG 	 -0.000
215 	 280 	 CE 	 -0.000
216 	 159 	 EW 	 -0.000
217 	 21 	 ME 	 -0.000
218 	 86 	 YN 	 -0.000
219 	 16 	 GM 	 -0.000
220 	 32 	 MK 	 -0.000
221 	 225 	 QH 	 -0.000
222 	 259 	 PA 	 -0.000
223 	 1 	 GW 	 -0.000
224 	 283 	 CS 	 -0.000
225 	 216 	 QV 	 -0.000
226 	 169 	 VW 	 -0.000
227 	 360 	 TY 	 -0.000
228 	 222 	 QG 	 -0.000
229 	 243 	 WV 	 -0.000
230 	 333 	 HM 	 -0.000
231 	 265 	 PH 	 -0.000
232 	 142 	 VI 	 -0.000
233 	 85 	 YL 	 -0.000
234 	 232 	 WE 	 -0.000
235 	 154 	 EC 	 -0.000
236 	 227 	 QM 	 -0.000
237 	 306 	 IH 	 -0.000
238 	 376 	 TD 	 -0.000
239 	 272 	 CH 	 -0.000
240 	 322 	 HS 	 -0.000
241 	 162 	 EP 	 -0.000
242 	 78 	 SF 	 -0.000
243 	 43 	 FR 	 -0.000
244 	 23 	 MG 	 -0.000
245 	 134 	 RC 	 -0.000
246 	 205 	 DT 	 -0.000
247 	 60 	 FN 	 -0.000
248 	 286 	 CP 	 -0.000
249 	 59 	 FM 	 -0.000
250 	 8 	 GY 	 -0.000
251 	 250 	 PR 	 -0.000
252 	 130 	 RE 	 -0.000
253 	 299 	 IS 	 -0.000
254 	 198 	 DD 	 -0.000
255 	 93 	 YY 	 -0.001
256 	 392 	 AQ 	 -0.001
257 	 20 	 GH 	 -0.001
258 	 98 	 YT 	 -0.001
259 	 395 	 AR 	 -0.001
260 	 197 	 DG 	 -0.001
261 	 176 	 KK 	 -0.001
262 	 323 	 HP 	 -0.001
263 	 200 	 DC 	 -0.001
264 	 242 	 WW 	 -0.001
265 	 127 	 RS 	 -0.001
266 	 24 	 MF 	 -0.001
267 	 357 	 NT 	 -0.001
268 	 202 	 DY 	 -0.001
269 	 115 	 LT 	 -0.001
270 	 356 	 NS 	 -0.001
271 	 73 	 SM 	 -0.001
272 	 89 	 YE 	 -0.001
273 	 138 	 RH 	 -0.001
274 	 110 	 LK 	 -0.001
275 	 231 	 WF 	 -0.001
276 	 58 	 FL 	 -0.001
277 	 2 	 GV 	 -0.001
278 	 36 	 MQ 	 -0.001
279 	 235 	 WA 	 -0.001
280 	 177 	 KI 	 -0.001
281 	 203 	 DV 	 -0.001
282 	 101 	 LF 	 -0.001
283 	 26 	 MC 	 -0.001
284 	 326 	 HW 	 -0.001
285 	 393 	 AP 	 -0.001
286 	 279 	 CF 	 -0.001
287 	 99 	 YW 	 -0.001
288 	 5 	 GR 	 -0.001
289 	 204 	 DW 	 -0.001
290 	 319 	 IF 	 -0.001
291 	 83 	 YK 	 -0.001
292 	 220 	 QE 	 -0.001
293 	 67 	 SV 	 -0.001
294 	 341 	 NI 	 -0.001
295 	 84 	 YM 	 -0.001
296 	 10 	 GF 	 -0.001
297 	 246 	 WR 	 -0.001
298 	 244 	 WT 	 -0.001
299 	 352 	 NY 	 -0.001
300 	 249 	 WY 	 -0.001
301 	 141 	 VH 	 -0.001
302 	 269 	 PM 	 -0.001
303 	 309 	 IM 	 -0.001
304 	 276 	 CC 	 -0.001
305 	 229 	 QN 	 -0.001
306 	 179 	 KN 	 -0.001
307 	 271 	 CI 	 -0.001
308 	 340 	 NH 	 -0.001
309 	 114 	 LW 	 -0.001
310 	 247 	 WQ 	 -0.001
311 	 258 	 PC 	 -0.001
312 	 349 	 NE 	 -0.001
313 	 268 	 PL 	 -0.001
314 	 155 	 VM 	 -0.001
315 	 50 	 FC 	 -0.001
316 	 303 	 IW 	 -0.001
317 	 136 	 RM 	 -0.001
318 	 33 	 MT 	 -0.001
319 	 12 	 GD 	 -0.001
320 	 324 	 HQ 	 -0.001
321 	 17 	 GL 	 -0.001
322 	 245 	 WS 	 -0.001
323 	 123 	 RW 	 -0.001
324 	 330 	 HI 	 -0.001
325 	 320 	 HY 	 -0.001
326 	 46 	 FV 	 -0.001
327 	 342 	 NK 	 -0.001
328 	 315 	 IC 	 -0.001
329 	 102 	 LG 	 -0.001
330 	 331 	 HN 	 -0.001
331 	 236 	 WN 	 -0.001
332 	 30 	 MI 	 -0.001
333 	 292 	 VC 	 -0.001
334 	 201 	 DA 	 -0.001
335 	 22 	 MD 	 -0.001
336 	 35 	 MV 	 -0.001
337 	 118 	 LP 	 -0.001
338 	 270 	 CK 	 -0.001
339 	 187 	 KV 	 -0.001
340 	 316 	 IE 	 -0.001
341 	 25 	 MA 	 -0.001
342 	 288 	 CV 	 -0.001
343 	 385 	 AF 	 -0.001
344 	 294 	 VE 	 -0.001
345 	 251 	 PS 	 -0.001
346 	 66 	 SW 	 -0.001
347 	 132 	 RG 	 -0.001
348 	 277 	 CA 	 -0.001
349 	 304 	 IV 	 -0.001
350 	 82 	 YH 	 -0.001
351 	 125 	 RQ 	 -0.001
352 	 100 	 YV 	 -0.001
353 	 368 	 TN 	 -0.001
354 	 289 	 CT 	 -0.001
355 	 122 	 RV 	 -0.001
356 	 209 	 DQ 	 -0.001
357 	 354 	 NQ 	 -0.001
358 	 75 	 SC 	 -0.001
359 	 51 	 FD 	 -0.001
360 	 65 	 SP 	 -0.001
361 	 174 	 KE 	 -0.001
362 	 96 	 YS 	 -0.001
363 	 37 	 MP 	 -0.001
364 	 152 	 EF 	 -0.001
365 	 213 	 QR 	 -0.001
366 	 196 	 DF 	 -0.001
367 	 302 	 IT 	 -0.001
368 	 140 	 RK 	 -0.001
369 	 383 	 AD 	 -0.001
370 	 325 	 HV 	 -0.001
371 	 160 	 EV 	 -0.001
372 	 260 	 PF 	 -0.001
373 	 267 	 PN 	 -0.001
374 	 398 	 AV 	 -0.001
375 	 113 	 LV 	 -0.001
376 	 45 	 FT 	 -0.001
377 	 14 	 GA 	 -0.001
378 	 3 	 GT 	 -0.001
379 	 77 	 SG 	 -0.001
380 	 175 	 KD 	 -0.001
381 	 374 	 TF 	 -0.001
382 	 171 	 KA 	 -0.001
383 	 95 	 YP 	 -0.001
384 	 70 	 SI 	 -0.001
385 	 68 	 ST 	 -0.002
386 	 191 	 DL 	 -0.002
387 	 371 	 TK 	 -0.002
388 	 107 	 LN 	 -0.002
389 	 254 	 PV 	 -0.002
390 	 190 	 DN 	 -0.002
391 	 69 	 SK 	 -0.002
392 	 214 	 QT 	 -0.002
393 	 384 	 AG 	 -0.002
394 	 361 	 TV 	 -0.002
395 	 116 	 LR 	 -0.002
396 	 133 	 RA 	 -0.002
397 	 308 	 VS 	 -0.002
398 	 144 	 EL 	 -0.002
399 	 168 	 VT 	 -0.002
400 	 366 	 TP 	 -0.002


 *** This program and the respective minimum Redundancy Maximum Relevance (mRMR) 
     algorithm were developed by Hanchuan Peng <hanchuan.peng@gmail.com>for
     the paper 
     "Feature selection based on mutual information: criteria of 
      max-dependency, max-relevance, and min-redundancy,"
      Hanchuan Peng, Fuhui Long, and Chris Ding, 
      IEEE Transactions on Pattern Analysis and Machine Intelligence,
      Vol. 27, No. 8, pp.1226-1238, 2005.

